Webots Project File version R2023b
perspectives: 000000ff00000000fd0000000200000001000004b300000313fc0200000001fb0000001400540065007800740045006400690074006f00720000000016000003130000004100ffffff0000000300000a0000000123fc0100000001fb0000001a0043006f006e0073006f006c00650041006c006c0041006c006c010000000000000a000000006900ffffff00000a00000002c900000001000000020000000100000008fc00000000
simulationViewPerspectives: 000000ff000000010000000200000100000007e20100000002010000000100
sceneTreePerspectives: 000000ff00000001000000030000001e000000c0000000fa0100000002010000000200
maximizedDockId: -1
centralWidgetVisible: 1
orthographicViewHeight: 1
textFiles: -1
consoles: Console:All:All
renderingDevicePerspectives: camera_post:camera;1;0.602778;0.614136;0
